Point (x, y) -> Induced Metric Matrix
----------------------------------------
Point (7.886064, 6.359793):
[[249.76002165 200.6149385 ]
 [200.6149385  162.78786801]]

Point (2.321047, 8.954139):
[[ 22.5490367   83.13190985]
 [ 83.13190985 321.70642093]]

Point (0.24177, 4.484384):
[[ 1.23381093  4.33675808]
 [ 4.33675808 81.43879944]]

Point (8.585893, 9.667951):
[[295.87023443 332.03197126]
 [332.03197126 374.87710615]]

Point (0.733972, 4.184429):
[[ 3.15485959 12.28501489]
 [12.28501489 71.03778422]]

Point (0.066917, 4.989909):
[[  1.01791154   1.33563896]
 [  1.33563896 100.59676731]]

Point (5.171782, 2.894169):
[[107.98931622  59.87204456]
 [ 59.87204456  34.5048568 ]]

Point (7.783637, 1.84363):
[[243.34001979  57.40058673]
 [ 57.40058673  14.59588631]]

Point (3.079366, 6.398785):
[[ 38.92997985  78.81680388]
 [ 78.81680388 164.7777979 ]]

Point (1.554935, 8.822333):
[[ 10.67129142  54.87261745]
 [ 54.87261745 312.33423825]]

Point (7.565876, 7.070832):
[[229.96991859 213.98815252]
 [213.98815252 200.98666069]]

Point (9.360976, 5.455807):
[[351.51148669 204.28671355]
 [204.28671355 120.06332008]]

Point (8.49718, 7.212187):
[[289.80827181 245.13300453]
 [245.13300453 209.06256529]]

Point (5.398867, 5.557717):
[[117.59105953 120.02149963]
 [120.02149963 124.55287301]]

Point (0.220598, 3.450224):
[[ 1.19465391  3.04445006]
 [ 3.04445006 48.6161826 ]]

Point (1.905661, 4.84865):
[[15.52617539 36.95953283]
 [36.95953283 95.03762729]]

Point (0.937792, 2.15556):
[[ 4.51781534  8.08586769]
 [ 8.08586769 19.58575565]]

Point (3.774648, 0.053429):
[[57.9918701   0.80670267]
 [ 0.80670267  1.01141863]]

Point (0.686874, 2.569727):
[[ 2.88718357  7.06031465]
 [ 7.06031465 27.41398742]]

Point (4.6301, 2.044686):
[[86.75130404 37.86840259]
 [37.86840259 17.72296335]]

Point (2.014782, 9.196666):
[[ 17.23738603  74.11710847]
 [ 74.11710847 339.31466206]]

Point (1.952346, 9.973366):
[[ 16.24661961  77.88584487]
 [ 77.88584487 398.87211748]]

Point (1.598117, 1.064985):
[[11.21591178  6.80788253]
 [ 6.80788253  5.5367722 ]]

Point (2.726009, 6.897824):
[[ 30.72450027  75.21412122]
 [ 75.21412122 191.31990374]]

Point (9.075066, 7.777463):
[[330.42729162 282.32396015]
 [282.32396015 242.95572287]]

Point (7.286463, 1.818542):
[[213.3701722   53.00295599]
 [ 53.00295599  14.22838002]]

Point (1.482872, 8.62572):
[[  9.79563747  51.16335467]
 [ 51.16335467 298.61218207]]

Point (3.355591, 1.313981):
[[46.03996384 17.63673127]
 [17.63673127  7.90618427]]

Point (9.791283, 6.778667):
[[384.47689114 265.48738784]
 [265.48738784 184.80130519]]

Point (9.339696, 0.11398):
[[349.91968549   4.2581542 ]
 [  4.2581542    1.05196576]]

Point (0.128699, 4.507505):
[[ 1.06625373  2.32044554]
 [ 2.32044554 82.2704053 ]]

Point (1.241003, 6.952584):
[[  7.16035378  34.51271041]
 [ 34.51271041 194.35369711]]

Point (9.490763, 1.718606):
[[361.29832929  65.24352895]
 [ 65.24352895  12.81442633]]

Point (6.946763, 5.600338):
[[194.03006471 155.61688322]
 [155.61688322 126.45514286]]

Point (4.204096, 1.409201):
[[71.69769271 23.69766515]
 [23.69766515  8.94338983]]

Point (7.910727, 2.396039):
[[251.31840667  75.81764164]
 [ 75.81764164  23.96401156]]

Point (4.078636, 2.251945):
[[67.54108648 36.73945579]
 [36.73945579 21.28502513]]

Point (7.132603, 2.817208):
[[204.49610222  80.37610493]
 [ 80.37610493  32.74664366]]

Point (0.381927, 1.908477):
[[ 1.58347293  2.91559558]
 [ 2.91559558 15.56913784]]

Point (1.475566, 7.283013):
[[  9.70918008  42.98626544]
 [ 42.98626544 213.16911343]]

Point (3.347119, 4.274362):
[[45.8128224  57.22719305]
 [57.22719305 74.08068203]]

Point (7.524107, 2.346317):
[[227.44874459  70.61576066]
 [ 70.61576066  23.02081386]]

Point (5.964628, 3.712528):
[[143.30714871  88.57539384]
 [ 88.57539384  56.1314566 ]]

Point (3.568954, 1.358731):
[[51.94973062 19.39699375]
 [19.39699375  8.38459972]]

Point (2.177939, 4.827777):
[[19.97367315 42.05841525]
 [42.05841525 94.22972305]]

Point (3.891618, 2.398658):
[[61.57876263 37.33864259]
 [37.33864259 24.0142408 ]]

Point (1.899378, 0.9341):
[[15.43054715  7.09683596]
 [ 7.09683596  4.49017124]]

Point (1.859855, 0.567303):
[[14.83624248  4.22040528]
 [ 4.22040528  2.28733078]]

Point (4.300871, 5.916124):
[[ 74.98996543 101.77794458]
 [101.77794458 141.00209273]]

Point (6.463773, 2.131674):
[[168.12144558  55.11462738]
 [ 55.11462738  19.17613617]]

Point (8.747219, 1.955852):
[[307.05536094  68.4330631 ]
 [ 68.4330631   16.30142818]]

Point (9.618461, 6.151417):
[[371.05916803 236.66865804]
 [236.66865804 152.35972443]]

Point (5.52818, 7.419133):
[[123.24309645 164.05721067]
 [164.05721067 221.17413789]]

Point (9.887099, 2.484264):
[[392.01890654  98.24865644]
 [ 98.24865644  25.68627049]]

Point (7.833137, 1.606724):
[[246.43214104  50.34275685]
 [ 50.34275685  11.32624805]]

Point (0.780256, 2.810086):
[[ 3.4351977   8.77034585]
 [ 8.77034585 32.58633331]]

Point (1.584967, 3.777341):
[[11.04848156 23.94784333]
 [23.94784333 58.07322012]]

Point (0.756998, 4.376534):
[[ 3.29218389 13.25210994]
 [13.25210994 77.61619941]]

Point (6.23142, 6.998147):
[[156.32238087 174.43357271]
 [174.43357271 196.89624573]]

Point (5.499652, 6.015829):
[[121.98468848 132.33986397]
 [132.33986397 145.76079423]]

Point (7.485846, 4.311179):
[[225.15156134 129.09128829]
 [129.09128829  75.34505748]]

Point (3.395917, 3.639397):
[[47.12900908 49.43636057]
 [49.43636057 53.98084209]]

Point (5.367546, 0.972223):
[[116.24220025  20.8738067 ]
 [ 20.8738067    4.78087025]]

Point (1.8906, 7.009637):
[[ 15.29747344  53.00967885]
 [ 53.00967885 197.54004349]]

Point (2.430039, 1.077312):
[[24.62035817 10.4716407 ]
 [10.4716407   5.64240458]]

Point (1.426406, 7.169272):
[[  9.13853631  40.90517039]
 [ 40.90517039 206.59384404]]

Point (1.534832, 1.93382):
[[10.42283707 11.87235527]
 [11.87235527 15.95863917]]

Point (1.032486, 2.825616):
[[ 5.26410936 11.66963585]
 [11.66963585 32.93642312]]

Point (0.178674, 5.95617):
[[  1.12769759   4.25685087]
 [  4.25685087 142.90384428]]

Point (5.05092, 6.929103):
[[103.04717139 139.9933797 ]
 [139.9933797  193.04987354]]

Point (4.260732, 5.366587):
[[ 73.6153487   91.46235585]
 [ 91.46235585 116.20102411]]

Point (1.057869, 0.128336):
[[5.47634728 0.5430507 ]
 [0.5430507  1.06588052]]

Point (1.457157, 1.670074):
[[ 9.49322609  9.73424008]
 [ 9.73424008 12.15658866]]

Point (9.543073, 7.6631):
[[365.28096913 292.51809083]
 [292.51809083 235.89240644]]

Point (4.884369, 1.541085):
[[96.42824211 30.1089112 ]
 [30.1089112  10.49977191]]

Point (1.444001, 8.235458):
[[  9.34055555  47.56803835]
 [ 47.56803835 272.29107388]]

Point (8.053178, 6.711402):
[[260.4147036  216.19245974]
 [216.19245974 181.17166722]]

Point (9.49066, 2.735706):
[[361.29050894 103.85462202]
 [103.85462202  30.93634927]]

Point (9.761306, 8.978739):
[[382.1323793  350.57687549]
 [350.57687549 323.47101612]]

Point (4.564747, 0.2492):
[[84.3476607   4.55013981]
 [ 4.55013981  1.24840256]]

Point (2.888004, 0.862748):
[[34.36226842  9.9664787 ]
 [ 9.9664787   3.97733645]]

Point (0.318775, 0.628921):
[[1.40647    0.80193717]
 [0.80193717 2.5821665 ]]

Point (2.677065, 1.886314):
[[29.66670806 20.19914075]
 [20.19914075 15.23272203]]

Point (4.043085, 6.482936):
[[ 66.38614527 104.84424519]
 [104.84424519 169.11383672]]

Point (3.039745, 2.211493):
[[37.96019866 26.88949916]
 [26.88949916 20.56280516]]

Point (8.93079, 3.804919):
[[320.0360401  135.92373022]
 [135.92373022  58.90963439]]

Point (8.107273, 0.143902):
[[263.91150199   4.6666112 ]
 [  4.6666112    1.08283114]]

Point (1.513863, 0.843987):
[[10.16712473  5.11072277]
 [ 5.11072277  3.84925622]]

Point (7.104767, 8.681647):
[[202.9108565  246.72431644]
 [246.72431644 302.48397853]]

Point (8.191607, 1.194476):
[[269.40970097  39.13871185]
 [ 39.13871185   6.70709166]]

Point (9.836938, 2.942299):
[[388.06139686 115.77285136]
 [115.77285136  35.62849362]]

Point (3.787234, 5.447065):
[[ 58.37256548  82.51723907]
 [ 82.51723907 119.68206846]]

Point (9.856832, 0.523261):
[[389.6285483   20.63078308]
 [ 20.63078308   2.0952083 ]]

Point (7.606423, 4.390672):
[[232.43068342 133.58923395]
 [133.58923395  78.11200245]]

Point (3.808794, 1.33817):
[[59.02764694 20.38725547]
 [20.38725547  8.1627958 ]]

Point (2.225854, 5.189698):
[[ 20.81770412  46.20604021]
 [ 46.20604021 108.73186132]]

Point (3.088985, 0.506305):
[[39.16731332  6.2558742 ]
 [ 6.2558742   2.02537901]]

Point (0.907754, 5.776031):
[[  4.2960693   20.97286098]
 [ 20.97286098 134.45013645]]

Point (5.203489, 8.485519):
[[109.30519109 176.6172191 ]
 [176.6172191  289.0161308 ]]

Point (3.223847, 5.037382):
[[ 42.57275792  64.95899539]
 [ 64.95899539 102.50086966]]

