Point (x, y) -> Induced Metric Matrix
----------------------------------------
Point (7.886064, 6.359793):
[[490.82192715 456.04261795]
 [456.04261795 425.59281192]]

Point (2.321047, 8.954139):
[[185.85755179 275.04261613]
 [275.04261613 410.22558996]]

Point (0.24177, 4.484384):
[[25.68026887 45.75725278]
 [45.75725278 85.83401025]]

Point (8.585893, 9.667951):
[[721.37148223 749.41363437]
 [749.41363437 780.62663602]]

Point (0.733972, 4.184429):
[[32.94932053 51.45259052]
 [51.45259052 83.86151401]]

Point (0.066917, 4.989909):
[[ 27.25274233  51.47688813]
 [ 51.47688813 101.93688416]]

Point (5.171782, 2.894169):
[[176.23757498 145.08714221]
 [145.08714221 121.12423041]]

Point (7.783637, 1.84363):
[[304.1395781  199.71868646]
 [199.71868646 132.58147798]]

Point (3.079366, 6.398785):
[[158.69123321 199.37489373]
 [199.37489373 253.07709675]]

Point (1.554935, 8.822333):
[[143.37746843 229.09353665]
 [229.09353665 369.62467856]]

Point (7.565876, 7.070832):
[[493.95473628 481.96348028]
 [481.96348028 472.21729285]]

Point (9.360976, 5.455807):
[[585.56403026 490.14579533]
 [490.14579533 411.97790531]]

Point (8.49718, 7.212187):
[[586.95691766 554.85167421]
 [554.85167421 526.39763777]]

Point (5.398867, 5.557717):
[[268.50077741 270.0988408 ]
 [270.0988408  273.72213752]]

Point (0.220598, 3.450224):
[[16.14314962 27.71098083]
 [27.71098083 51.70929613]]

Point (1.905661, 4.84865):
[[ 75.99511504 100.48131738]
 [100.48131738 135.62870397]]

Point (0.937792, 2.15556):
[[17.25012195 21.15912012]
 [21.15912012 28.55107718]]

Point (3.774648, 0.053429):
[[58.80142743 29.5100227 ]
 [29.5100227  16.06608883]]

Point (0.686874, 2.569727):
[[16.55099508 22.97597881]
 [22.97597881 34.94609796]]

Point (4.6301, 2.044686):
[[128.80044747  98.57263694]
 [ 98.57263694  77.02919196]]

Point (2.014782, 9.196666):
[[175.93316001 269.92240963]
 [269.92240963 417.49111704]]

Point (1.952346, 9.973366):
[[193.60049385 303.91667463]
 [303.91667463 480.56961725]]

Point (1.598117, 1.064985):
[[19.15798737 15.88619516]
 [15.88619516 14.89863268]]

Point (2.726009, 6.897824):
[[153.51859742 204.03985353]
 [204.03985353 273.96515003]]

Point (9.075066, 7.777463):
[[673.24018248 638.59645743]
 [638.59645743 607.63650592]]

Point (7.286463, 1.818542):
[[269.6802232  179.0529711 ]
 [179.0529711  120.32387906]]

Point (1.482872, 8.62572):
[[135.36203766 217.15810311]
 [217.15810311 351.97444611]]

Point (3.355591, 1.313981):
[[65.40324118 48.01898814]
 [48.01898814 36.8029065 ]]

Point (9.791283, 6.778667):
[[695.91460528 615.49833296]
 [615.49833296 546.15791581]]

Point (9.339696, 0.11398):
[[354.19083113 179.80851838]
 [179.80851838  92.54004133]]

Point (0.128699, 4.507505):
[[23.7043006  43.56888645]
 [43.56888645 84.60741428]]

Point (1.241003, 6.952584):
[[ 90.01148847 142.89791345]
 [142.89791345 230.40649596]]

Point (9.490763, 1.718606):
[[429.49546482 267.61078899]
 [267.61078899 168.1325376 ]]

Point (6.946763, 5.600338):
[[381.01073365 353.76370781]
 [353.76370781 330.32954226]]

Point (4.204096, 1.409201):
[[97.38120532 68.94262271]
 [68.94262271 50.31547816]]

Point (7.910727, 2.396039):
[[332.87705121 231.41326117]
 [231.41326117 162.36125487]]

Point (4.078636, 2.251945):
[[109.35179855  89.33737554]
 [ 89.33737554  74.65975254]]

Point (7.132603, 2.817208):
[[292.80886807 218.0915041 ]
 [218.0915041  163.99677415]]

Point (0.381927, 1.908477):
[[ 8.14135297 11.22079986]
 [11.22079986 18.63060165]]

Point (1.475566, 7.283013):
[[105.73772388 164.17197856]
 [164.17197856 258.33267389]]

Point (3.347119, 4.274362):
[[121.31018596 130.48074353]
 [130.48074353 142.51108068]]

Point (7.524107, 2.346317):
[[303.56970871 212.50448004]
 [212.50448004 150.24876066]]

Point (5.964628, 3.712528):
[[245.6654067  209.43854496]
 [209.43854496 180.28363762]]

Point (3.568954, 1.358731):
[[73.1928743  53.41340736]
 [53.41340736 40.51902613]]

Point (2.177939, 4.827777):
[[ 85.33951916 108.67471716]
 [108.67471716 141.03155658]]

Point (3.891618, 2.398658):
[[104.67096543  88.46980496]
 [ 88.46980496  76.49757406]]

Point (1.899378, 0.9341):
[[23.39992592 17.83140414]
 [17.83140414 15.19464399]]

Point (1.859855, 0.567303):
[[19.37848046 12.83729323]
 [12.83729323  9.96679668]]

Point (4.300871, 5.916124):
[[211.76843319 234.2184598 ]
 [234.2184598  261.27752867]]

Point (6.463773, 2.131674):
[[227.78010701 161.54207511]
 [161.54207511 116.07112495]]

Point (8.747219, 1.955852):
[[379.31378108 246.21972344]
 [246.21972344 161.24833152]]

Point (9.618461, 6.151417):
[[645.56775718 556.54526878]
 [556.54526878 481.54317448]]

Point (5.52818, 7.419133):
[[342.34384159 376.28013051]
 [376.28013051 415.79212267]]

Point (9.887099, 2.484264):
[[496.43913061 330.66340907]
 [330.66340907 221.68965356]]

Point (7.833137, 1.606724):
[[299.35645991 190.80764061]
 [190.80764061 123.02704016]]

Point (0.780256, 2.810086):
[[20.10212688 27.97369782]
 [27.97369782 41.96547858]]

Point (1.584967, 3.777341):
[[49.26462993 63.49565501]
 [63.49565501 84.53318384]]

Point (0.756998, 4.376534):
[[35.69834368 56.01932907]
 [56.01932907 91.44135532]]

Point (6.23142, 6.998147):
[[379.73001501 393.65127919]
 [393.65127919 410.16041367]]

Point (5.499652, 6.015829):
[[290.51475101 298.29757131]
 [298.29757131 308.34683032]]

Point (7.485846, 4.311179):
[[372.829114   310.61241977]
 [310.61241977 260.47423611]]

Point (3.395917, 3.639397):
[[109.81058018 111.3503763 ]
 [111.3503763  114.94945493]]

Point (5.367546, 0.972223):
[[138.06122451  85.60379362]
 [ 85.60379362  54.46522701]]

Point (1.8906, 7.009637):
[[117.44216316 171.68085702]
 [171.68085702 254.1240907 ]]

Point (2.430039, 1.077312):
[[36.25260001 27.22093225]
 [27.22093225 22.01913482]]

Point (1.426406, 7.169272):
[[101.4421677  157.99765316]
 [157.99765316 249.5336485 ]]

Point (1.534832, 1.93382):
[[26.03485214 27.03118221]
 [27.03118221 30.18670371]]

Point (1.032486, 2.825616):
[[24.91785099 32.68731105]
 [32.68731105 45.6720863 ]]

Point (0.178674, 5.95617):
[[ 40.86050954  76.33683453]
 [ 76.33683453 147.19261955]]

Point (5.05092, 6.929103):
[[291.05301947 322.04024709]
 [322.04024709 358.55504608]]

Point (4.260732, 5.366587):
[[193.87796058 208.23613122]
 [208.23613122 225.81721714]]

Point (1.057869, 0.128336):
[[6.03586812 2.94992728]
 [2.94992728 2.72801804]]

Point (1.457157, 1.670074):
[[22.01661333 21.99270747]
 [21.99270747 24.01413526]]

Point (9.543073, 7.6631):
[[716.52216157 665.23430132]
 [665.23430132 619.48073955]]

Point (4.884369, 1.541085):
[[128.91209629  90.10014601]
 [ 90.10014601  64.46574364]]

Point (1.444001, 8.235458):
[[124.73136237 199.27586265]
 [199.27586265 321.94425112]]

Point (8.053178, 6.711402):
[[521.65008015 490.03376009]
 [490.03376009 462.21780286]]

Point (9.49066, 2.735706):
[[472.62921828 324.93170664]
 [324.93170664 224.86359853]]

Point (9.761306, 8.978739):
[[813.32700883 790.02279208]
 [790.02279208 769.33098644]]

Point (4.564747, 0.2492):
[[88.95990115 47.48570639]
 [47.48570639 26.63545754]]

Point (2.888004, 0.862748):
[[45.07308123 30.62790081]
 [30.62790081 22.28438225]]

Point (0.318775, 0.628921):
[[2.60394879 1.99673971]
 [1.99673971 3.48572116]]

Point (2.677065, 1.886314):
[[53.42402932 46.69864098]
 [46.69864098 42.59853979]]

Point (4.043085, 6.482936):
[[213.25884964 247.80529748]
 [247.80529748 290.30461823]]

Point (3.039745, 2.211493):
[[69.74039911 61.87337585]
 [61.87337585 56.69235398]]

Point (8.93079, 3.804919):
[[470.43717892 358.37750002]
 [358.37750002 274.59237463]]

Point (8.107273, 0.143902):
[[268.59882097 137.33043056]
 [137.33043056  71.47731784]]

Point (1.513863, 0.843987):
[[15.99016155 12.39659394]
 [12.39659394 11.25176017]]

Point (7.104767, 8.681647):
[[525.00616757 560.10281307]
 [560.10281307 599.6860091 ]]

Point (8.191607, 1.194476):
[[309.97518574 185.98178613]
 [185.98178613 112.94822875]]

Point (9.836938, 2.942299):
[[512.49137163 355.56100944]
 [355.56100944 248.1666942 ]]

Point (3.787234, 5.447065):
[[170.56032167 191.17386581]
 [191.17386581 216.5424489 ]]

Point (9.856832, 0.523261):
[[410.53313346 220.65035715]
 [220.65035715 119.88312845]]

Point (7.606423, 4.390672):
[[385.29791798 321.25788536]
 [321.25788536 269.55890725]]

Point (3.808794, 1.33817):
[[81.20560135 58.0792907 ]
 [58.0792907  43.056963  ]]

Point (2.225854, 5.189698):
[[ 93.95670966 121.53233298]
 [121.53233298 159.89232756]]

Point (3.088985, 0.506305):
[[45.67953228 27.41618892]
 [27.41618892 17.82308154]]

Point (0.907754, 5.776031):
[[ 58.63146439  94.5891791 ]
 [ 94.5891791  156.24701475]]

Point (5.203489, 8.485519):
[[357.9264429  418.93218482]
 [418.93218482 492.70964767]]

Point (3.223847, 5.037382):
[[132.90697073 152.73555803]
 [152.73555803 177.85305453]]

