Triangle: (2.321047, 8.954139), (1.444001, 8.235458), (2.726009, 6.897824) -> Normal: (-0.29460567660279807, -0.9537155568703197)
Triangle: (9.490763, 1.718606), (9.856832, 0.523261), (9.887099, 2.484264) -> Normal: (-0.9897354753566175, -0.13547090691342697)
Triangle: (9.856832, 0.523261), (9.490763, 1.718606), (9.339696, 0.11398) -> Normal: (-0.9931631111987977, -0.10320104714522471)
Triangle: (9.49066, 2.735706), (9.490763, 1.718606), (9.887099, 2.484264) -> Normal: (-0.9720234542078401, -0.2291793527082326)
Triangle: (0.907754, 5.776031), (0.178674, 5.95617), (0.066917, 4.989909) -> Normal: (-0.07980781994848526, -0.9926212746832401)
Triangle: (0.178674, 5.95617), (1.554935, 8.822333), (1.952346, 9.973366) -> Normal: (0.7214630314235305, -0.6920988299219308)
Triangle: (0.128699, 4.507505), (0.24177, 4.484384), (0.066917, 4.989909) -> Normal: (-0.05014616291958727, -0.9932930116039691)
Triangle: (0.178674, 5.95617), (1.241003, 6.952584), (1.444001, 8.235458) -> Normal: (0.08244087603663065, -0.9946109833542672)
Triangle: (1.241003, 6.952584), (0.178674, 5.95617), (0.907754, 5.776031) -> Normal: (-0.10614988391428191, -0.9913962834650923)
Triangle: (9.836938, 2.942299), (9.49066, 2.735706), (9.887099, 2.484264) -> Normal: (-0.9625131888218096, -0.26670239421324765)
Triangle: (5.203489, 8.485519), (2.321047, 8.954139), (2.726009, 6.897824) -> Normal: (-0.40987526171557376, -0.9104305931603398)
Triangle: (4.043085, 6.482936), (5.203489, 8.485519), (2.726009, 6.897824) -> Normal: (-0.42856300516451695, -0.9017385658562026)
Triangle: (2.321047, 8.954139), (5.203489, 8.485519), (1.952346, 9.973366) -> Normal: (-0.36612004229362877, -0.929437271482739)
Triangle: (5.203489, 8.485519), (8.585893, 9.667951), (1.952346, 9.973366) -> Normal: (-0.3783133402571915, -0.9250214188254134)
Triangle: (8.585893, 9.667951), (5.203489, 8.485519), (7.104767, 8.681647) -> Normal: (-0.42485739552886753, -0.9045118518026299)
Triangle: (2.014782, 9.196666), (2.321047, 8.954139), (1.952346, 9.973366) -> Normal: (-0.2612585331462389, -0.963971878851927)
Triangle: (1.554935, 8.822333), (2.014782, 9.196666), (1.952346, 9.973366) -> Normal: (-0.1407482052330948, -0.9886869278111083)
Triangle: (2.014782, 9.196666), (1.554935, 8.822333), (2.321047, 8.954139) -> Normal: (-0.21620184025275607, -0.9747777554271683)
Triangle: (2.321047, 8.954139), (1.482872, 8.62572), (1.444001, 8.235458) -> Normal: (-0.2392561323014146, -0.9692288930152059)
Triangle: (1.554935, 8.822333), (1.482872, 8.62572), (2.321047, 8.954139) -> Normal: (-0.22703186977193687, -0.9722259361278648)
Triangle: (1.482872, 8.62572), (0.178674, 5.95617), (1.444001, 8.235458) -> Normal: (0.24846678731350438, -0.967081218411678)
Triangle: (1.482872, 8.62572), (1.554935, 8.822333), (0.178674, 5.95617) -> Normal: (0.6786675591008156, -0.7339802051558421)
Triangle: (2.225854, 5.189698), (1.905661, 4.84865), (2.177939, 4.827777) -> Normal: (-0.3769508290217529, -0.9216872420894732)
Triangle: (1.905661, 4.84865), (2.225854, 5.189698), (0.907754, 5.776031) -> Normal: (-0.2738023094436162, -0.9578163870062161)
Triangle: (0.220598, 3.450224), (0.686874, 2.569727), (0.780256, 2.810086) -> Normal: (-0.07603996143204161, -0.9824895226202676)
Triangle: (0.128699, 4.507505), (0.220598, 3.450224), (0.24177, 4.484384) -> Normal: (-0.019432356546901636, -0.991976490601468)
Triangle: (0.220598, 3.450224), (0.733972, 4.184429), (0.24177, 4.484384) -> Normal: (-0.06582626785095273, -0.9899970912183023)
Triangle: (0.686874, 2.569727), (0.220598, 3.450224), (0.381927, 1.908477) -> Normal: (0.10699559461392304, -0.9766054769541804)
Triangle: (0.381927, 1.908477), (0.220598, 3.450224), (0.318775, 0.628921) -> Normal: (0.9800468480418751, -0.19088676783058897)
Triangle: (0.318775, 0.628921), (0.220598, 3.450224), (0.066917, 4.989909) -> Normal: (0.999553959847855, -0.025861328606620264)
Triangle: (0.220598, 3.450224), (0.128699, 4.507505), (0.066917, 4.989909) -> Normal: (0.9920256955446897, -0.12323499286940612)
Triangle: (3.079366, 6.398785), (4.043085, 6.482936), (2.726009, 6.897824) -> Normal: (-0.4430951128827168, -0.8942444932569914)
Triangle: (1.444001, 8.235458), (1.8906, 7.009637), (2.726009, 6.897824) -> Normal: (-0.2939664542311758, -0.9539082075618911)
Triangle: (1.8906, 7.009637), (3.079366, 6.398785), (2.726009, 6.897824) -> Normal: (-0.335895776878862, -0.9388030164602301)
Triangle: (3.079366, 6.398785), (1.8906, 7.009637), (2.225854, 5.189698) -> Normal: (-0.33528994553832847, -0.9389897821797945)
Triangle: (2.225854, 5.189698), (1.8906, 7.009637), (0.907754, 5.776031) -> Normal: (-0.2871726316054855, -0.9546308220558386)
Triangle: (1.8906, 7.009637), (1.241003, 6.952584), (0.907754, 5.776031) -> Normal: (-0.2538376696356704, -0.9641226288694964)
Triangle: (8.93079, 3.804919), (9.836938, 2.942299), (9.360976, 5.455807) -> Normal: (-0.9208384937963894, -0.38737116301656366)
Triangle: (9.836938, 2.942299), (8.93079, 3.804919), (9.49066, 2.735706) -> Normal: (-0.940374590570361, -0.33641067319021584)
Triangle: (9.49066, 2.735706), (8.747219, 1.955852), (9.490763, 1.718606) -> Normal: (-0.9708374217098497, -0.23391634604559347)
Triangle: (4.564747, 0.2492), (8.107273, 0.143902), (5.367546, 0.972223) -> Normal: (-0.9874635847211088, 0.13704706356053972)
Triangle: (8.107273, 0.143902), (3.774648, 0.053429), (9.339696, 0.11398) -> Normal: (-0.11671124306117632, 0.9931330673968766)
Triangle: (8.107273, 0.143902), (4.564747, 0.2492), (3.774648, 0.053429) -> Normal: (-0.6227961902045263, 0.7807184416925056)
Triangle: (1.905661, 4.84865), (1.584967, 3.777341), (2.177939, 4.827777) -> Normal: (-0.4236401998440865, -0.8995913810842442)
Triangle: (8.585893, 9.667951), (9.075066, 7.777463), (9.761306, 8.978739) -> Normal: (-0.7105434407831811, -0.7024994258875015)
Triangle: (9.075066, 7.777463), (8.585893, 9.667951), (7.104767, 8.681647) -> Normal: (-0.6927111818729883, -0.7199912347261508)
Triangle: (5.05092, 6.929103), (5.203489, 8.485519), (4.043085, 6.482936) -> Normal: (-0.46016074922805944, -0.8860227537071603)
Triangle: (0.756998, 4.376534), (1.905661, 4.84865), (0.907754, 5.776031) -> Normal: (-0.22228158245031776, -0.9702226592929895)
Triangle: (0.733972, 4.184429), (0.756998, 4.376534), (0.24177, 4.484384) -> Normal: (-0.1087030593198391, -0.9874607336171636)
Triangle: (1.584967, 3.777341), (0.756998, 4.376534), (0.733972, 4.184429) -> Normal: (-0.28704007836228485, -0.9512563464960462)
Triangle: (0.756998, 4.376534), (1.584967, 3.777341), (1.905661, 4.84865) -> Normal: (-0.3033540352509738, -0.946818041255795)
Triangle: (0.24177, 4.484384), (0.756998, 4.376534), (0.066917, 4.989909) -> Normal: (-0.12027899711984186, -0.9875904056017782)
Triangle: (0.756998, 4.376534), (0.907754, 5.776031), (0.066917, 4.989909) -> Normal: (-0.14859914822924278, -0.9841481227654698)
Triangle: (1.241003, 6.952584), (1.475566, 7.283013), (1.444001, 8.235458) -> Normal: (-0.06437422319537102, -0.9958433568721341)
Triangle: (1.475566, 7.283013), (1.8906, 7.009637), (1.444001, 8.235458) -> Normal: (-0.2601725966520358, -0.9635744991806066)
Triangle: (7.606423, 4.390672), (8.93079, 3.804919), (9.360976, 5.455807) -> Normal: (-0.872205788060049, -0.4864851963028359)
Triangle: (8.93079, 3.804919), (7.606423, 4.390672), (7.485846, 4.311179) -> Normal: (-0.9116007189563206, -0.40715428312544283)
Triangle: (7.606423, 4.390672), (6.946763, 5.600338), (7.485846, 4.311179) -> Normal: (-0.8221954207131922, -0.5663039859507385)
Triangle: (8.93079, 3.804919), (7.910727, 2.396039), (9.49066, 2.735706) -> Normal: (-0.9443604693648576, -0.324314800257849)
Triangle: (7.910727, 2.396039), (8.747219, 1.955852), (9.49066, 2.735706) -> Normal: (-0.9502902367869285, -0.3064846183467797)
Triangle: (7.910727, 2.396039), (8.93079, 3.804919), (7.485846, 4.311179) -> Normal: (-0.9178189569299625, -0.39281587501540055)
Triangle: (8.191607, 1.194476), (8.747219, 1.955852), (7.833137, 1.606724) -> Normal: (-0.9786418054790219, -0.19700164678327478)
Triangle: (8.107273, 0.143902), (8.191607, 1.194476), (7.833137, 1.606724) -> Normal: (-0.9924912785502652, -0.10139538121473572)
Triangle: (8.191607, 1.194476), (8.107273, 0.143902), (9.339696, 0.11398) -> Normal: (-0.995851659186214, -0.07092539762498626)
Triangle: (9.490763, 1.718606), (8.191607, 1.194476), (9.339696, 0.11398) -> Normal: (-0.993017123120899, -0.10442121679347417)
Triangle: (8.747219, 1.955852), (8.191607, 1.194476), (9.490763, 1.718606) -> Normal: (-0.9889706476353454, -0.13736735756699797)
Triangle: (5.05092, 6.929103), (4.300871, 5.916124), (5.499652, 6.015829) -> Normal: (-0.6122224997879528, -0.7881877837125582)
Triangle: (4.300871, 5.916124), (5.05092, 6.929103), (4.043085, 6.482936) -> Normal: (-0.5867682136627673, -0.8073150910618122)
Triangle: (5.398867, 5.557717), (6.946763, 5.600338), (5.499652, 6.015829) -> Normal: (-0.7375782875839724, -0.6726123388994704)
Triangle: (4.300871, 5.916124), (5.398867, 5.557717), (5.499652, 6.015829) -> Normal: (-0.6375383967463153, -0.7676728699760491)
Triangle: (5.398867, 5.557717), (4.300871, 5.916124), (4.260732, 5.366587) -> Normal: (-0.6495834822696568, -0.757280967256871)
Triangle: (3.223847, 5.037382), (3.079366, 6.398785), (2.225854, 5.189698) -> Normal: (-0.4421279959836109, -0.8934992338826785)
Triangle: (3.223847, 5.037382), (2.225854, 5.189698), (2.177939, 4.827777) -> Normal: (-0.477338532755758, -0.8742580870481946)
Triangle: (9.075066, 7.777463), (9.543073, 7.6631), (9.761306, 8.978739) -> Normal: (-0.7491684967503921, -0.6611957545815865)
Triangle: (6.23142, 6.998147), (7.565876, 7.070832), (7.104767, 8.681647) -> Normal: (-0.6625092012894709, -0.7474958083901192)
Triangle: (6.23142, 6.998147), (5.05092, 6.929103), (5.499652, 6.015829) -> Normal: (-0.6463972437981313, -0.7608604601845933)
Triangle: (6.946763, 5.600338), (6.23142, 6.998147), (5.499652, 6.015829) -> Normal: (-0.7150258892100866, -0.6968095442034805)
Triangle: (6.23142, 6.998147), (6.946763, 5.600338), (7.565876, 7.070832) -> Normal: (-0.7297238922502205, -0.6817113971135925)
Triangle: (3.774648, 0.053429), (1.859855, 0.567303), (1.057869, 0.128336) -> Normal: (-0.8583825079745021, 0.4801874224088108)
Triangle: (0.686874, 2.569727), (1.032486, 2.825616), (0.780256, 2.810086) -> Normal: (-0.32586548822913886, -0.9286315538152772)
Triangle: (1.032486, 2.825616), (1.584967, 3.777341), (0.733972, 4.184429) -> Normal: (-0.2551855194368069, -0.957266428587147)
Triangle: (1.032486, 2.825616), (0.220598, 3.450224), (0.780256, 2.810086) -> Normal: (-0.2413921478148479, -0.9603996296502118)
Triangle: (0.220598, 3.450224), (1.032486, 2.825616), (0.733972, 4.184429) -> Normal: (-0.2495660528896768, -0.958689752698264)
Triangle: (1.8906, 7.009637), (1.426406, 7.169272), (1.241003, 6.952584) -> Normal: (-0.2237127526396056, -0.9720710229224576)
Triangle: (1.426406, 7.169272), (1.475566, 7.283013), (1.241003, 6.952584) -> Normal: (-0.10898249295123309, -0.9918403939491888)
Triangle: (1.475566, 7.283013), (1.426406, 7.169272), (1.8906, 7.009637) -> Normal: (-0.22784131171841934, -0.9713131469958222)
Triangle: (7.286463, 1.818542), (7.524107, 2.346317), (6.463773, 2.131674) -> Normal: (-0.9488568134612315, -0.3083194095123449)
Triangle: (7.286463, 1.818542), (6.463773, 2.131674), (5.367546, 0.972223) -> Normal: (-0.9856107501854993, -0.1510902161589715)
Triangle: (8.107273, 0.143902), (7.286463, 1.818542), (5.367546, 0.972223) -> Normal: (-0.9944805067172436, -0.07439434511857046)
Triangle: (7.286463, 1.818542), (8.107273, 0.143902), (7.833137, 1.606724) -> Normal: (-0.992531624895035, -0.10050280911899509)
Triangle: (7.132603, 2.817208), (7.910727, 2.396039), (7.485846, 4.311179) -> Normal: (-0.9175803505844644, -0.3933469462766408)
Triangle: (7.910727, 2.396039), (7.132603, 2.817208), (7.524107, 2.346317) -> Normal: (-0.9352663734982579, -0.3486335518292549)
Triangle: (7.524107, 2.346317), (7.132603, 2.817208), (6.463773, 2.131674) -> Normal: (-0.9478380036844828, -0.3114430165494433)
Triangle: (7.783637, 1.84363), (7.910727, 2.396039), (7.524107, 2.346317) -> Normal: (-0.9619449280490219, -0.26609618622585907)
Triangle: (7.783637, 1.84363), (7.286463, 1.818542), (7.833137, 1.606724) -> Normal: (-0.9743265297368783, -0.2156775964520289)
Triangle: (7.286463, 1.818542), (7.783637, 1.84363), (7.524107, 2.346317) -> Normal: (-0.9635543563088278, -0.2597384936281167)
Triangle: (8.747219, 1.955852), (7.783637, 1.84363), (7.833137, 1.606724) -> Normal: (-0.9748944072516152, -0.21473352971935183)
Triangle: (7.910727, 2.396039), (7.783637, 1.84363), (8.747219, 1.955852) -> Normal: (-0.9694438551881754, -0.2381744416256868)
Triangle: (6.463773, 2.131674), (4.884369, 1.541085), (5.367546, 0.972223) -> Normal: (-0.9527292074424073, -0.2921275230112234)
Triangle: (4.884369, 1.541085), (4.564747, 0.2492), (5.367546, 0.972223) -> Normal: (-0.9769008975209397, -0.1867905510793726)
Triangle: (3.891618, 2.398658), (3.568954, 1.358731), (4.078636, 2.251945) -> Normal: (-0.8804829417126803, -0.4585080521121304)
Triangle: (5.964628, 3.712528), (5.398867, 5.557717), (4.260732, 5.366587) -> Normal: (-0.7468389493019382, -0.6608040019418734)
Triangle: (7.132603, 2.817208), (5.964628, 3.712528), (6.463773, 2.131674) -> Normal: (-0.9034248709868359, -0.4227254500882212)
Triangle: (5.964628, 3.712528), (7.132603, 2.817208), (7.485846, 4.311179) -> Normal: (-0.8798921859076937, -0.4708251230971845)
Triangle: (6.946763, 5.600338), (5.964628, 3.712528), (7.485846, 4.311179) -> Normal: (-0.8109164819567549, -0.5818024716178348)
Triangle: (5.398867, 5.557717), (5.964628, 3.712528), (6.946763, 5.600338) -> Normal: (-0.7893263412227184, -0.6106592290504641)
Triangle: (4.300871, 5.916124), (3.787234, 5.447065), (4.260732, 5.366587) -> Normal: (-0.5821888864590582, -0.8098962347259819)
Triangle: (3.223847, 5.037382), (3.787234, 5.447065), (3.079366, 6.398785) -> Normal: (-0.48210230965156187, -0.8727854889232409)
Triangle: (3.079366, 6.398785), (3.787234, 5.447065), (4.043085, 6.482936) -> Normal: (-0.5100240174519087, -0.8572317043833848)
Triangle: (3.787234, 5.447065), (4.300871, 5.916124), (4.043085, 6.482936) -> Normal: (-0.5280115052869373, -0.8463099951851135)
Triangle: (3.347119, 4.274362), (3.223847, 5.037382), (2.177939, 4.827777) -> Normal: (-0.5162399553497475, -0.8513703309861388)
Triangle: (3.787234, 5.447065), (3.347119, 4.274362), (4.260732, 5.366587) -> Normal: (-0.6347833724280554, -0.768413015339762)
Triangle: (3.347119, 4.274362), (3.787234, 5.447065), (3.223847, 5.037382) -> Normal: (-0.6290033893385858, -0.7731298869826146)
Triangle: (1.584967, 3.777341), (3.347119, 4.274362), (2.177939, 4.827777) -> Normal: (-0.528123521673188, -0.8424868337779274)
Triangle: (3.347119, 4.274362), (1.584967, 3.777341), (3.395917, 3.639397) -> Normal: (-0.5381487999464192, -0.8359733272659422)
Triangle: (6.946763, 5.600338), (7.886064, 6.359793), (7.565876, 7.070832) -> Normal: (-0.7391476872841074, -0.6715079593977986)
Triangle: (7.886064, 6.359793), (8.053178, 6.711402), (7.565876, 7.070832) -> Normal: (-0.7524262925062042, -0.6568413430556969)
Triangle: (7.886064, 6.359793), (7.606423, 4.390672), (9.360976, 5.455807) -> Normal: (-0.8401913003011884, -0.5398958652657574)
Triangle: (7.606423, 4.390672), (7.886064, 6.359793), (6.946763, 5.600338) -> Normal: (-0.8277382832480925, -0.5586795313585021)
Triangle: (8.053178, 6.711402), (8.49718, 7.212187), (7.565876, 7.070832) -> Normal: (-0.7442986323736561, -0.6662350240247543)
Triangle: (7.565876, 7.070832), (8.49718, 7.212187), (7.104767, 8.681647) -> Normal: (-0.700133281736096, -0.7126343074632392)
Triangle: (8.49718, 7.212187), (9.075066, 7.777463), (7.104767, 8.681647) -> Normal: (-0.7007333522391733, -0.7121051604836922)
Triangle: (8.49718, 7.212187), (9.543073, 7.6631), (9.075066, 7.777463) -> Normal: (-0.7891482035089934, -0.6126906051127181)
Triangle: (5.05092, 6.929103), (5.52818, 7.419133), (5.203489, 8.485519) -> Normal: (-0.5177123918998772, -0.8537793828566518)
Triangle: (6.23142, 6.998147), (5.52818, 7.419133), (5.05092, 6.929103) -> Normal: (-0.6366992643514584, -0.769050423873393)
Triangle: (5.203489, 8.485519), (5.52818, 7.419133), (7.104767, 8.681647) -> Normal: (-0.6017800189996118, -0.7971828235465027)
Triangle: (5.52818, 7.419133), (6.23142, 6.998147), (7.104767, 8.681647) -> Normal: (-0.621147297595417, -0.78216855090769)
Triangle: (1.859855, 0.567303), (2.888004, 0.862748), (2.430039, 1.077312) -> Normal: (-0.9606895370345151, -0.1955039646979425)
Triangle: (1.457157, 1.670074), (0.381927, 1.908477), (0.318775, 0.628921) -> Normal: (-0.5113663367502087, -0.7975931526782685)
Triangle: (3.039745, 2.211493), (3.568954, 1.358731), (3.891618, 2.398658) -> Normal: (-0.8711515062859827, -0.47540899362582706)
Triangle: (3.039745, 2.211493), (3.891618, 2.398658), (3.395917, 3.639397) -> Normal: (-0.7503444906262294, -0.6514095156707419)
Triangle: (1.584967, 3.777341), (3.039745, 2.211493), (3.395917, 3.639397) -> Normal: (-0.6122716792924283, -0.7806742372508391)
Triangle: (4.564747, 0.2492), (3.808794, 1.33817), (3.774648, 0.053429) -> Normal: (-0.9784628186088312, -0.16709236860919033)
Triangle: (3.568954, 1.358731), (3.808794, 1.33817), (4.078636, 2.251945) -> Normal: (-0.8889026489211481, -0.4423494489472128)
Triangle: (5.171782, 2.894169), (5.964628, 3.712528), (4.260732, 5.366587) -> Normal: (-0.7498566039746913, -0.656804391432047)
Triangle: (3.347119, 4.274362), (5.171782, 2.894169), (4.260732, 5.366587) -> Normal: (-0.7474084223671299, -0.6594979263947337)
Triangle: (5.171782, 2.894169), (3.347119, 4.274362), (3.395917, 3.639397) -> Normal: (-0.7488445542384111, -0.657757713709857)
Triangle: (3.891618, 2.398658), (5.171782, 2.894169), (3.395917, 3.639397) -> Normal: (-0.7912011630886476, -0.6045566400745082)
Triangle: (5.171782, 2.894169), (3.891618, 2.398658), (4.078636, 2.251945) -> Normal: (-0.8333908592500033, -0.5446368674196557)
Triangle: (4.6301, 2.044686), (5.171782, 2.894169), (4.078636, 2.251945) -> Normal: (-0.8574792155906923, -0.5058449845021936)
Triangle: (5.964628, 3.712528), (5.171782, 2.894169), (6.463773, 2.131674) -> Normal: (-0.9007100448138643, -0.4279391653187742)
Triangle: (5.171782, 2.894169), (4.884369, 1.541085), (6.463773, 2.131674) -> Normal: (-0.9324507343442672, -0.3514852427610048)
Triangle: (5.171782, 2.894169), (4.6301, 2.044686), (4.884369, 1.541085) -> Normal: (-0.9273915848984626, -0.36421331700666715)
Triangle: (8.49718, 7.212187), (9.791283, 6.778667), (9.543073, 7.6631) -> Normal: (-0.7908078513384726, -0.6105448536159692)
Triangle: (9.543073, 7.6631), (9.791283, 6.778667), (9.761306, 8.978739) -> Normal: (-0.8370175443943642, -0.5460863491176042)
Triangle: (9.761306, 8.978739), (9.791283, 6.778667), (9.887099, 2.484264) -> Normal: (-0.9994281464870932, -0.03378882196388721)
Triangle: (9.791283, 6.778667), (9.836938, 2.942299), (9.887099, 2.484264) -> Normal: (-0.9872034363362101, -0.1587117583168117)
Triangle: (3.088985, 0.506305), (1.859855, 0.567303), (3.774648, 0.053429) -> Normal: (-0.8621090869828957, 0.473332524949635)
Triangle: (3.088985, 0.506305), (2.888004, 0.862748), (1.859855, 0.567303) -> Normal: (-0.9684879442879408, -0.15331985689195446)
Triangle: (3.808794, 1.33817), (3.088985, 0.506305), (3.774648, 0.053429) -> Normal: (-0.9742221475779443, -0.18339526536925232)
Triangle: (3.088985, 0.506305), (3.808794, 1.33817), (3.568954, 1.358731) -> Normal: (-0.9702190914336214, -0.20222954935414783)
Triangle: (2.888004, 0.862748), (3.355591, 1.313981), (2.430039, 1.077312) -> Normal: (-0.8897609674380921, -0.42885596953838045)
Triangle: (3.039745, 2.211493), (3.355591, 1.313981), (3.568954, 1.358731) -> Normal: (-0.8718944703914671, -0.4722012377146286)
Triangle: (3.355591, 1.313981), (3.088985, 0.506305), (3.568954, 1.358731) -> Normal: (-0.9672968934422033, -0.2145839229530904)
Triangle: (3.088985, 0.506305), (3.355591, 1.313981), (2.888004, 0.862748) -> Normal: (-0.9570259494550698, -0.25182862159642033)
Triangle: (0.937792, 2.15556), (1.032486, 2.825616), (0.686874, 2.569727) -> Normal: (-0.37198126650833774, -0.9100195008247468)
Triangle: (0.937792, 2.15556), (0.686874, 2.569727), (0.381927, 1.908477) -> Normal: (-0.2455780646096963, -0.945682118242928)
Triangle: (1.457157, 1.670074), (0.937792, 2.15556), (0.381927, 1.908477) -> Normal: (-0.46832141259842525, -0.8414695797190846)
Triangle: (0.937792, 2.15556), (1.534832, 1.93382), (1.032486, 2.825616) -> Normal: (-0.4857329269750216, -0.8562369952292277)
Triangle: (1.534832, 1.93382), (0.937792, 2.15556), (1.457157, 1.670074) -> Normal: (-0.5160514875092871, -0.8282081310770689)
Triangle: (1.032486, 2.825616), (1.534832, 1.93382), (1.584967, 3.777341) -> Normal: (-0.588984984600097, -0.7959102618368383)
Triangle: (4.884369, 1.541085), (4.204096, 1.409201), (4.564747, 0.2492) -> Normal: (-0.9758886389382876, -0.19143033471741647)
Triangle: (4.204096, 1.409201), (3.808794, 1.33817), (4.564747, 0.2492) -> Normal: (-0.9770187197602322, -0.1771141105130921)
Triangle: (4.6301, 2.044686), (4.204096, 1.409201), (4.884369, 1.541085) -> Normal: (-0.9328954035640048, -0.3449575235522742)
Triangle: (3.808794, 1.33817), (4.204096, 1.409201), (4.078636, 2.251945) -> Normal: (-0.9032291400250951, -0.4134873114448531)
Triangle: (4.204096, 1.409201), (4.6301, 2.044686), (4.078636, 2.251945) -> Normal: (-0.9116279254528458, -0.3967118229206619)
Triangle: (9.618461, 6.151417), (8.49718, 7.212187), (8.053178, 6.711402) -> Normal: (-0.8068486646512059, -0.5889947860803201)
Triangle: (9.618461, 6.151417), (9.791283, 6.778667), (8.49718, 7.212187) -> Normal: (-0.8043261167133986, -0.5925162854605108)
Triangle: (9.618461, 6.151417), (7.886064, 6.359793), (9.360976, 5.455807) -> Normal: (-0.8195592261107787, -0.5710693596893843)
Triangle: (7.886064, 6.359793), (9.618461, 6.151417), (8.053178, 6.711402) -> Normal: (-0.8161689115388755, -0.5759245608529558)
Triangle: (9.836938, 2.942299), (9.618461, 6.151417), (9.360976, 5.455807) -> Normal: (-0.9336561759850348, -0.3561847045924495)
Triangle: (9.791283, 6.778667), (9.618461, 6.151417), (9.836938, 2.942299) -> Normal: (-0.951379086334873, -0.30644767368305925)
Triangle: (3.355591, 1.313981), (2.677065, 1.886314), (2.430039, 1.077312) -> Normal: (-0.8868681756421657, -0.43488256078297266)
Triangle: (2.677065, 1.886314), (3.355591, 1.313981), (3.039745, 2.211493) -> Normal: (-0.8658911200106317, -0.48078946894257324)
Triangle: (2.677065, 1.886314), (1.457157, 1.670074), (2.430039, 1.077312) -> Normal: (-0.7769904055240809, -0.601574788073367)
Triangle: (2.677065, 1.886314), (1.534832, 1.93382), (1.457157, 1.670074) -> Normal: (-0.7762110086182855, -0.6026184878659722)
Triangle: (2.677065, 1.886314), (3.039745, 2.211493), (1.584967, 3.777341) -> Normal: (-0.5971308857296855, -0.7900065162043145)
Triangle: (1.534832, 1.93382), (2.677065, 1.886314), (1.584967, 3.777341) -> Normal: (-0.596805433447627, -0.7902298044892073)
Triangle: (1.457157, 1.670074), (1.899378, 0.9341), (2.430039, 1.077312) -> Normal: (-0.7864474784393187, -0.5864337475946577)
Triangle: (1.598117, 1.064985), (1.899378, 0.9341), (1.457157, 1.670074) -> Normal: (-0.7832195538755791, -0.5884719121440599)
Triangle: (1.899378, 0.9341), (1.859855, 0.567303), (2.430039, 1.077312) -> Normal: (-0.9324477354655565, -0.2956010473562488)
Triangle: (1.859855, 0.567303), (1.513863, 0.843987), (1.057869, 0.128336) -> Normal: (-0.9145572164507771, -0.2491450680312399)
Triangle: (1.513863, 0.843987), (0.318775, 0.628921), (1.057869, 0.128336) -> Normal: (-0.7238278391151047, -0.5666542485623112)
Triangle: (1.899378, 0.9341), (1.513863, 0.843987), (1.859855, 0.567303) -> Normal: (-0.8845767029255581, -0.39059368645918024)
Triangle: (1.513863, 0.843987), (1.899378, 0.9341), (1.598117, 1.064985) -> Normal: (-0.8563959869394149, -0.45108873514521014)
Triangle: (1.513863, 0.843987), (1.457157, 1.670074), (0.318775, 0.628921) -> Normal: (-0.5352005231608801, -0.7808928964487211)
Triangle: (1.513863, 0.843987), (1.598117, 1.064985), (1.457157, 1.670074) -> Normal: (-0.5533214765642616, -0.770289761281619)
