Triangle: (2.321047, 8.954139), (1.444001, 8.235458), (2.726009, 6.897824) -> Normal: (-0.5752430969651031, -0.8167729897835113)
Triangle: (9.490763, 1.718606), (9.856832, 0.523261), (9.887099, 2.484264) -> Normal: (-0.8768864610743045, -0.47924735749818004)
Triangle: (9.856832, 0.523261), (9.490763, 1.718606), (9.339696, 0.11398) -> Normal: (-0.8530509254982214, -0.5198150261457808)
Triangle: (9.49066, 2.735706), (9.490763, 1.718606), (9.887099, 2.484264) -> Normal: (-0.8368989173497323, -0.545955528637806)
Triangle: (0.907754, 5.776031), (0.178674, 5.95617), (0.066917, 4.989909) -> Normal: (-0.5158069094811218, -0.8531633340831106)
Triangle: (0.178674, 5.95617), (1.554935, 8.822333), (1.952346, 9.973366) -> Normal: (0.6989737783946361, -0.7148964808906596)
Triangle: (0.128699, 4.507505), (0.24177, 4.484384), (0.066917, 4.989909) -> Normal: (-0.45663239765734626, -0.8848639642475022)
Triangle: (0.178674, 5.95617), (1.241003, 6.952584), (1.444001, 8.235458) -> Normal: (-0.235700017247317, -0.9702403589136078)
Triangle: (1.241003, 6.952584), (0.178674, 5.95617), (0.907754, 5.776031) -> Normal: (-0.4637426409933677, -0.8837552110854728)
Triangle: (9.836938, 2.942299), (9.49066, 2.735706), (9.887099, 2.484264) -> Normal: (-0.8236038458665399, -0.5659522601284503)
Triangle: (5.203489, 8.485519), (2.321047, 8.954139), (2.726009, 6.897824) -> Normal: (-0.6417633952674608, -0.765836841225369)
Triangle: (4.043085, 6.482936), (5.203489, 8.485519), (2.726009, 6.897824) -> Normal: (-0.5779228994794505, -0.8151460813326593)
Triangle: (2.321047, 8.954139), (5.203489, 8.485519), (1.952346, 9.973366) -> Normal: (-0.5963997799521553, -0.8018610541992873)
Triangle: (5.203489, 8.485519), (8.585893, 9.667951), (1.952346, 9.973366) -> Normal: (-0.5497643799852847, -0.8348956669626789)
Triangle: (8.585893, 9.667951), (5.203489, 8.485519), (7.104767, 8.681647) -> Normal: (-0.505727119158747, -0.8623157972439933)
Triangle: (2.014782, 9.196666), (2.321047, 8.954139), (1.952346, 9.973366) -> Normal: (-0.5536086266859034, -0.8318519046606911)
Triangle: (1.554935, 8.822333), (2.014782, 9.196666), (1.952346, 9.973366) -> Normal: (-0.48339253557779754, -0.8744126188981294)
Triangle: (2.014782, 9.196666), (1.554935, 8.822333), (2.321047, 8.954139) -> Normal: (-0.5472988467080347, -0.8358433576983328)
Triangle: (2.321047, 8.954139), (1.482872, 8.62572), (1.444001, 8.235458) -> Normal: (-0.5851405801933043, -0.8097037572813451)
Triangle: (1.554935, 8.822333), (1.482872, 8.62572), (2.321047, 8.954139) -> Normal: (-0.5729550289982476, -0.8183952282001752)
Triangle: (1.482872, 8.62572), (0.178674, 5.95617), (1.444001, 8.235458) -> Normal: (-0.04376870419457304, -0.9977131545872536)
Triangle: (1.482872, 8.62572), (1.554935, 8.822333), (0.178674, 5.95617) -> Normal: (0.6463424022002826, -0.7627130896279661)
Triangle: (2.225854, 5.189698), (1.905661, 4.84865), (2.177939, 4.827777) -> Normal: (-0.5883984297058026, -0.805902849335365)
Triangle: (1.905661, 4.84865), (2.225854, 5.189698), (0.907754, 5.776031) -> Normal: (-0.5647770438138286, -0.8226502149624788)
Triangle: (0.220598, 3.450224), (0.686874, 2.569727), (0.780256, 2.810086) -> Normal: (-0.4930887856600323, -0.8592873812170575)
Triangle: (0.128699, 4.507505), (0.220598, 3.450224), (0.24177, 4.484384) -> Normal: (-0.4929678644580092, -0.8635886263370377)
Triangle: (0.220598, 3.450224), (0.733972, 4.184429), (0.24177, 4.484384) -> Normal: (-0.49653864885528975, -0.861569399305745)
Triangle: (0.686874, 2.569727), (0.220598, 3.450224), (0.381927, 1.908477) -> Normal: (-0.357942185371828, -0.9189068169783643)
Triangle: (0.381927, 1.908477), (0.220598, 3.450224), (0.318775, 0.628921) -> Normal: (0.9689462500761845, -0.2388465668969241)
Triangle: (0.318775, 0.628921), (0.220598, 3.450224), (0.066917, 4.989909) -> Normal: (0.9991881538818046, -0.036632931088865145)
Triangle: (0.220598, 3.450224), (0.128699, 4.507505), (0.066917, 4.989909) -> Normal: (0.9840079457072659, -0.17493048511547432)
Triangle: (3.079366, 6.398785), (4.043085, 6.482936), (2.726009, 6.897824) -> Normal: (-0.6227946365927266, -0.7810278407089362)
Triangle: (1.444001, 8.235458), (1.8906, 7.009637), (2.726009, 6.897824) -> Normal: (-0.5621657064898696, -0.8256276351399425)
Triangle: (1.8906, 7.009637), (3.079366, 6.398785), (2.726009, 6.897824) -> Normal: (-0.5940630336428082, -0.8027509934363616)
Triangle: (3.079366, 6.398785), (1.8906, 7.009637), (2.225854, 5.189698) -> Normal: (-0.6029955274589237, -0.7958234586063444)
Triangle: (2.225854, 5.189698), (1.8906, 7.009637), (0.907754, 5.776031) -> Normal: (-0.5502810095210536, -0.8328846781434145)
Triangle: (1.8906, 7.009637), (1.241003, 6.952584), (0.907754, 5.776031) -> Normal: (-0.6117065795407551, -0.7888561922013367)
Triangle: (8.93079, 3.804919), (9.836938, 2.942299), (9.360976, 5.455807) -> Normal: (-0.7980705977165403, -0.6016481724310435)
Triangle: (9.836938, 2.942299), (8.93079, 3.804919), (9.49066, 2.735706) -> Normal: (-0.8092412782288599, -0.5863096909477856)
Triangle: (9.49066, 2.735706), (8.747219, 1.955852), (9.490763, 1.718606) -> Normal: (-0.8254258606561398, -0.5630646419986869)
Triangle: (4.564747, 0.2492), (8.107273, 0.143902), (5.367546, 0.972223) -> Normal: (-0.9577401344305299, -0.27769875249248865)
Triangle: (8.107273, 0.143902), (3.774648, 0.053429), (9.339696, 0.11398) -> Normal: (-0.12408904444655516, 0.9922343639882975)
Triangle: (8.107273, 0.143902), (4.564747, 0.2492), (3.774648, 0.053429) -> Normal: (-0.7432610246627408, 0.6662844958073895)
Triangle: (1.905661, 4.84865), (1.584967, 3.777341), (2.177939, 4.827777) -> Normal: (-0.6558591260983363, -0.7511916192219207)
Triangle: (8.585893, 9.667951), (9.075066, 7.777463), (9.761306, 8.978739) -> Normal: (-0.7126891585192765, -0.7009769823510794)
Triangle: (9.075066, 7.777463), (8.585893, 9.667951), (7.104767, 8.681647) -> Normal: (-0.6944397127046792, -0.7190163523488586)
Triangle: (5.05092, 6.929103), (5.203489, 8.485519), (4.043085, 6.482936) -> Normal: (-0.5701233001199133, -0.8206185944861315)
Triangle: (0.756998, 4.376534), (1.905661, 4.84865), (0.907754, 5.776031) -> Normal: (-0.5434918301807844, -0.8359323693777857)
Triangle: (0.733972, 4.184429), (0.756998, 4.376534), (0.24177, 4.484384) -> Normal: (-0.4999217909373528, -0.8611569737622912)
Triangle: (1.584967, 3.777341), (0.756998, 4.376534), (0.733972, 4.184429) -> Normal: (-0.5645821494473559, -0.8205816545794921)
Triangle: (0.756998, 4.376534), (1.584967, 3.777341), (1.905661, 4.84865) -> Normal: (-0.5675297203443008, -0.8196620480720435)
Triangle: (0.24177, 4.484384), (0.756998, 4.376534), (0.066917, 4.989909) -> Normal: (-0.4890999850851767, -0.8677151076807067)
Triangle: (0.756998, 4.376534), (0.907754, 5.776031), (0.066917, 4.989909) -> Normal: (-0.5125493692286188, -0.8551319463816225)
Triangle: (1.241003, 6.952584), (1.475566, 7.283013), (1.444001, 8.235458) -> Normal: (-0.427842943521411, -0.9022730092061502)
Triangle: (1.475566, 7.283013), (1.8906, 7.009637), (1.444001, 8.235458) -> Normal: (-0.5490546409328906, -0.8343433533995714)
Triangle: (7.606423, 4.390672), (8.93079, 3.804919), (9.360976, 5.455807) -> Normal: (-0.7555025153475008, -0.6542150026025809)
Triangle: (8.93079, 3.804919), (7.606423, 4.390672), (7.485846, 4.311179) -> Normal: (-0.7959679217490012, -0.6040420177401508)
Triangle: (7.606423, 4.390672), (6.946763, 5.600338), (7.485846, 4.311179) -> Normal: (-0.7451240161530044, -0.6657690559403163)
Triangle: (8.93079, 3.804919), (7.910727, 2.396039), (9.49066, 2.735706) -> Normal: (-0.8009476308219831, -0.5973623055730402)
Triangle: (7.910727, 2.396039), (8.747219, 1.955852), (9.49066, 2.735706) -> Normal: (-0.8054775402504061, -0.5912304130033118)
Triangle: (7.910727, 2.396039), (8.93079, 3.804919), (7.485846, 4.311179) -> Normal: (-0.8043577178943916, -0.5927675889410254)
Triangle: (8.191607, 1.194476), (8.747219, 1.955852), (7.833137, 1.606724) -> Normal: (-0.8436447018991393, -0.5349461061866555)
Triangle: (8.107273, 0.143902), (8.191607, 1.194476), (7.833137, 1.606724) -> Normal: (-0.8569288050096309, -0.5126414882942015)
Triangle: (8.191607, 1.194476), (8.107273, 0.143902), (9.339696, 0.11398) -> Normal: (-0.8800312534634479, -0.4722722919736793)
Triangle: (9.490763, 1.718606), (8.191607, 1.194476), (9.339696, 0.11398) -> Normal: (-0.8626645158175658, -0.5038032297112914)
Triangle: (8.747219, 1.955852), (8.191607, 1.194476), (9.490763, 1.718606) -> Normal: (-0.8714335790215626, -0.4884686409910604)
Triangle: (5.05092, 6.929103), (4.300871, 5.916124), (5.499652, 6.015829) -> Normal: (-0.665773816888915, -0.7449483774958595)
Triangle: (4.300871, 5.916124), (5.05092, 6.929103), (4.043085, 6.482936) -> Normal: (-0.6811085352340228, -0.7309594139693644)
Triangle: (5.398867, 5.557717), (6.946763, 5.600338), (5.499652, 6.015829) -> Normal: (-0.7304103792471058, -0.6817940893307308)
Triangle: (4.300871, 5.916124), (5.398867, 5.557717), (5.499652, 6.015829) -> Normal: (-0.6736375790094188, -0.7378205621622116)
Triangle: (5.398867, 5.557717), (4.300871, 5.916124), (4.260732, 5.366587) -> Normal: (-0.6987673621233887, -0.7138635606074091)
Triangle: (3.223847, 5.037382), (3.079366, 6.398785), (2.225854, 5.189698) -> Normal: (-0.5973061934214654, -0.8001016069442259)
Triangle: (3.223847, 5.037382), (2.225854, 5.189698), (2.177939, 4.827777) -> Normal: (-0.6521334815178598, -0.7555218186561241)
Triangle: (9.075066, 7.777463), (9.543073, 7.6631), (9.761306, 8.978739) -> Normal: (-0.7109939930129718, -0.7026956330944882)
Triangle: (6.23142, 6.998147), (7.565876, 7.070832), (7.104767, 8.681647) -> Normal: (-0.6763138336076931, -0.735891767503282)
Triangle: (6.23142, 6.998147), (5.05092, 6.929103), (5.499652, 6.015829) -> Normal: (-0.6959837146080492, -0.7170484061144241)
Triangle: (6.946763, 5.600338), (6.23142, 6.998147), (5.499652, 6.015829) -> Normal: (-0.7030043057831733, -0.7101693863328163)
Triangle: (6.23142, 6.998147), (6.946763, 5.600338), (7.565876, 7.070832) -> Normal: (-0.7234352561784668, -0.6895230773258502)
Triangle: (3.774648, 0.053429), (1.859855, 0.567303), (1.057869, 0.128336) -> Normal: (-0.9693295272165053, 0.1419913880652141)
Triangle: (0.686874, 2.569727), (1.032486, 2.825616), (0.780256, 2.810086) -> Normal: (-0.6142582985836778, -0.7780618415113978)
Triangle: (1.032486, 2.825616), (1.584967, 3.777341), (0.733972, 4.184429) -> Normal: (-0.5815291093567688, -0.8072458017931816)
Triangle: (1.032486, 2.825616), (0.220598, 3.450224), (0.780256, 2.810086) -> Normal: (-0.5359754918677512, -0.8361271580504074)
Triangle: (0.220598, 3.450224), (1.032486, 2.825616), (0.733972, 4.184429) -> Normal: (-0.5433339423399028, -0.832807038119483)
Triangle: (1.8906, 7.009637), (1.426406, 7.169272), (1.241003, 6.952584) -> Normal: (-0.5572079348192233, -0.8285566312204737)
Triangle: (1.426406, 7.169272), (1.475566, 7.283013), (1.241003, 6.952584) -> Normal: (-0.4426304614244469, -0.8951026058676615)
Triangle: (1.475566, 7.283013), (1.426406, 7.169272), (1.8906, 7.009637) -> Normal: (-0.5489224602021137, -0.8342020252375627)
Triangle: (7.286463, 1.818542), (7.524107, 2.346317), (6.463773, 2.131674) -> Normal: (-0.8036118852733641, -0.5930668858546765)
Triangle: (7.286463, 1.818542), (6.463773, 2.131674), (5.367546, 0.972223) -> Normal: (-0.8786879331290836, -0.47358785019360944)
Triangle: (8.107273, 0.143902), (7.286463, 1.818542), (5.367546, 0.972223) -> Normal: (-0.8542064997564637, -0.5164747574916665)
Triangle: (7.286463, 1.818542), (8.107273, 0.143902), (7.833137, 1.606724) -> Normal: (-0.8599542104170508, -0.50763882245016)
Triangle: (7.132603, 2.817208), (7.910727, 2.396039), (7.485846, 4.311179) -> Normal: (-0.7897518331122986, -0.6119436735847948)
Triangle: (7.910727, 2.396039), (7.132603, 2.817208), (7.524107, 2.346317) -> Normal: (-0.8077288492437289, -0.5877948032370034)
Triangle: (7.524107, 2.346317), (7.132603, 2.817208), (6.463773, 2.131674) -> Normal: (-0.8113691019351674, -0.5823834176721335)
Triangle: (7.783637, 1.84363), (7.910727, 2.396039), (7.524107, 2.346317) -> Normal: (-0.8274169500712816, -0.5596729002705635)
Triangle: (7.783637, 1.84363), (7.286463, 1.818542), (7.833137, 1.606724) -> Normal: (-0.8333410723668713, -0.5505560365079322)
Triangle: (7.286463, 1.818542), (7.783637, 1.84363), (7.524107, 2.346317) -> Normal: (-0.8237752953472619, -0.5648125708068528)
Triangle: (8.747219, 1.955852), (7.783637, 1.84363), (7.833137, 1.606724) -> Normal: (-0.8483463901371124, -0.527451190169652)
Triangle: (7.910727, 2.396039), (7.783637, 1.84363), (8.747219, 1.955852) -> Normal: (-0.8385615188148897, -0.5429067130810055)
Triangle: (6.463773, 2.131674), (4.884369, 1.541085), (5.367546, 0.972223) -> Normal: (-0.8221258518661688, -0.5659222598561233)
Triangle: (4.884369, 1.541085), (4.564747, 0.2492), (5.367546, 0.972223) -> Normal: (-0.8392725694723819, -0.5374743906303096)
Triangle: (3.891618, 2.398658), (3.568954, 1.358731), (4.078636, 2.251945) -> Normal: (-0.7795229581745468, -0.6208409440730513)
Triangle: (5.964628, 3.712528), (5.398867, 5.557717), (4.260732, 5.366587) -> Normal: (-0.7193071404847702, -0.6930980317391217)
Triangle: (7.132603, 2.817208), (5.964628, 3.712528), (6.463773, 2.131674) -> Normal: (-0.7888599940110124, -0.6125032886257323)
Triangle: (5.964628, 3.712528), (7.132603, 2.817208), (7.485846, 4.311179) -> Normal: (-0.7676877465900845, -0.6393248744611071)
Triangle: (6.946763, 5.600338), (5.964628, 3.712528), (7.485846, 4.311179) -> Normal: (-0.7239947542037766, -0.6884787341954678)
Triangle: (5.398867, 5.557717), (5.964628, 3.712528), (6.946763, 5.600338) -> Normal: (-0.7554269358642759, -0.6538834893093202)
Triangle: (4.300871, 5.916124), (3.787234, 5.447065), (4.260732, 5.366587) -> Normal: (-0.6557749740759224, -0.7534117613288001)
Triangle: (3.223847, 5.037382), (3.787234, 5.447065), (3.079366, 6.398785) -> Normal: (-0.6295964738914575, -0.7750982998407651)
Triangle: (3.079366, 6.398785), (3.787234, 5.447065), (4.043085, 6.482936) -> Normal: (-0.6498036839078274, -0.7586014405803921)
Triangle: (3.787234, 5.447065), (4.300871, 5.916124), (4.043085, 6.482936) -> Normal: (-0.6374087050388851, -0.7690217651345486)
Triangle: (3.347119, 4.274362), (3.223847, 5.037382), (2.177939, 4.827777) -> Normal: (-0.6380882863491666, -0.7674940475761618)
Triangle: (3.787234, 5.447065), (3.347119, 4.274362), (4.260732, 5.366587) -> Normal: (-0.712909600737279, -0.6991474951731036)
Triangle: (3.347119, 4.274362), (3.787234, 5.447065), (3.223847, 5.037382) -> Normal: (-0.710390124829078, -0.7017003368160903)
Triangle: (1.584967, 3.777341), (3.347119, 4.274362), (2.177939, 4.827777) -> Normal: (-0.6770576162717854, -0.732190251104495)
Triangle: (3.347119, 4.274362), (1.584967, 3.777341), (3.395917, 3.639397) -> Normal: (-0.617671489051852, -0.7832855279793817)
Triangle: (6.946763, 5.600338), (7.886064, 6.359793), (7.565876, 7.070832) -> Normal: (-0.7046548133377614, -0.7086853506065036)
Triangle: (7.886064, 6.359793), (8.053178, 6.711402), (7.565876, 7.070832) -> Normal: (-0.7232907606682899, -0.6897745909071563)
Triangle: (7.886064, 6.359793), (7.606423, 4.390672), (9.360976, 5.455807) -> Normal: (-0.7656290517763015, -0.6423295973017292)
Triangle: (7.606423, 4.390672), (7.886064, 6.359793), (6.946763, 5.600338) -> Normal: (-0.7610605446939288, -0.6477240740881307)
Triangle: (8.053178, 6.711402), (8.49718, 7.212187), (7.565876, 7.070832) -> Normal: (-0.7172290379640169, -0.696150036117075)
Triangle: (7.565876, 7.070832), (8.49718, 7.212187), (7.104767, 8.681647) -> Normal: (-0.7041570233003005, -0.7093876426983029)
Triangle: (8.49718, 7.212187), (9.075066, 7.777463), (7.104767, 8.681647) -> Normal: (-0.705326711698525, -0.7082916821904937)
Triangle: (8.49718, 7.212187), (9.543073, 7.6631), (9.075066, 7.777463) -> Normal: (-0.7483341450850831, -0.6626920823563544)
Triangle: (5.05092, 6.929103), (5.52818, 7.419133), (5.203489, 8.485519) -> Normal: (-0.628034213002161, -0.7772762544808438)
Triangle: (6.23142, 6.998147), (5.52818, 7.419133), (5.05092, 6.929103) -> Normal: (-0.6901417182012073, -0.722687838657385)
Triangle: (5.203489, 8.485519), (5.52818, 7.419133), (7.104767, 8.681647) -> Normal: (-0.6908644023856344, -0.7222375894081413)
Triangle: (5.52818, 7.419133), (6.23142, 6.998147), (7.104767, 8.681647) -> Normal: (-0.6679908639203397, -0.7434507051435134)
Triangle: (1.859855, 0.567303), (2.888004, 0.862748), (2.430039, 1.077312) -> Normal: (-0.8590692778782506, -0.4886287217511814)
Triangle: (1.457157, 1.670074), (0.381927, 1.908477), (0.318775, 0.628921) -> Normal: (-0.7360024612637092, -0.6381553223034695)
Triangle: (3.039745, 2.211493), (3.568954, 1.358731), (3.891618, 2.398658) -> Normal: (-0.7787812269139073, -0.6217622214740794)
Triangle: (3.039745, 2.211493), (3.891618, 2.398658), (3.395917, 3.639397) -> Normal: (-0.6987024066384396, -0.7111862247770356)
Triangle: (1.584967, 3.777341), (3.039745, 2.211493), (3.395917, 3.639397) -> Normal: (-0.680487674413346, -0.7285136081408006)
Triangle: (4.564747, 0.2492), (3.808794, 1.33817), (3.774648, 0.053429) -> Normal: (-0.8442700787654293, -0.5262109421119875)
Triangle: (3.568954, 1.358731), (3.808794, 1.33817), (4.078636, 2.251945) -> Normal: (-0.7481660277840153, -0.6580988098744899)
Triangle: (5.171782, 2.894169), (5.964628, 3.712528), (4.260732, 5.366587) -> Normal: (-0.7220741264180451, -0.6897748418188577)
Triangle: (3.347119, 4.274362), (5.171782, 2.894169), (4.260732, 5.366587) -> Normal: (-0.715068117690732, -0.696940982761314)
Triangle: (5.171782, 2.894169), (3.347119, 4.274362), (3.395917, 3.639397) -> Normal: (-0.7260984521842788, -0.6849563751897856)
Triangle: (3.891618, 2.398658), (5.171782, 2.894169), (3.395917, 3.639397) -> Normal: (-0.7489741435927308, -0.6594293096604322)
Triangle: (5.171782, 2.894169), (3.891618, 2.398658), (4.078636, 2.251945) -> Normal: (-0.7468592987914344, -0.6618310631476316)
Triangle: (4.6301, 2.044686), (5.171782, 2.894169), (4.078636, 2.251945) -> Normal: (-0.7418827243851788, -0.6674141690037648)
Triangle: (5.964628, 3.712528), (5.171782, 2.894169), (6.463773, 2.131674) -> Normal: (-0.7780632357641089, -0.6259685761709031)
Triangle: (5.171782, 2.894169), (4.884369, 1.541085), (6.463773, 2.131674) -> Normal: (-0.8173094800113617, -0.5728704924471429)
Triangle: (5.171782, 2.894169), (4.6301, 2.044686), (4.884369, 1.541085) -> Normal: (-0.8156899999224335, -0.5751567463815658)
Triangle: (8.49718, 7.212187), (9.791283, 6.778667), (9.543073, 7.6631) -> Normal: (-0.7306849157117469, -0.6821138176413482)
Triangle: (9.543073, 7.6631), (9.791283, 6.778667), (9.761306, 8.978739) -> Normal: (-0.7792391867987573, -0.6262488097729432)
Triangle: (9.761306, 8.978739), (9.791283, 6.778667), (9.887099, 2.484264) -> Normal: (-0.9989087115053973, -0.046686805472559205)
Triangle: (9.791283, 6.778667), (9.836938, 2.942299), (9.887099, 2.484264) -> Normal: (-0.9564401734366516, -0.2915651007553725)
Triangle: (3.088985, 0.506305), (1.859855, 0.567303), (3.774648, 0.053429) -> Normal: (-0.9559196987293689, -0.23363572540446717)
Triangle: (3.088985, 0.506305), (2.888004, 0.862748), (1.859855, 0.567303) -> Normal: (-0.8201877082067812, -0.5522663635238312)
Triangle: (3.808794, 1.33817), (3.088985, 0.506305), (3.774648, 0.053429) -> Normal: (-0.8322085556182658, -0.5444576292319315)
Triangle: (3.088985, 0.506305), (3.808794, 1.33817), (3.568954, 1.358731) -> Normal: (-0.8749913894622972, -0.4732667683888771)
Triangle: (2.888004, 0.862748), (3.355591, 1.313981), (2.430039, 1.077312) -> Normal: (-0.7585760757150535, -0.6421045023910044)
Triangle: (3.039745, 2.211493), (3.355591, 1.313981), (3.568954, 1.358731) -> Normal: (-0.7678504999747694, -0.6336442803206553)
Triangle: (3.355591, 1.313981), (3.088985, 0.506305), (3.568954, 1.358731) -> Normal: (-0.8748972777135142, -0.47343803191103256)
Triangle: (3.088985, 0.506305), (3.355591, 1.313981), (2.888004, 0.862748) -> Normal: (-0.8364575839187998, -0.5371109547605433)
Triangle: (0.937792, 2.15556), (1.032486, 2.825616), (0.686874, 2.569727) -> Normal: (-0.6111546843155345, -0.7805258597307505)
Triangle: (0.937792, 2.15556), (0.686874, 2.569727), (0.381927, 1.908477) -> Normal: (-0.527267520799945, -0.8335867681436815)
Triangle: (1.457157, 1.670074), (0.937792, 2.15556), (0.381927, 1.908477) -> Normal: (-0.634363069951955, -0.7523320509006145)
Triangle: (0.937792, 2.15556), (1.534832, 1.93382), (1.032486, 2.825616) -> Normal: (-0.6192726259638882, -0.7742328389191849)
Triangle: (1.534832, 1.93382), (0.937792, 2.15556), (1.457157, 1.670074) -> Normal: (-0.6452720329716174, -0.7501839173809832)
Triangle: (1.032486, 2.825616), (1.534832, 1.93382), (1.584967, 3.777341) -> Normal: (-0.6954140579044139, -0.7118533405847124)
Triangle: (4.884369, 1.541085), (4.204096, 1.409201), (4.564747, 0.2492) -> Normal: (-0.856736308585658, -0.5095879030683192)
Triangle: (4.204096, 1.409201), (3.808794, 1.33817), (4.564747, 0.2492) -> Normal: (-0.8419225751693291, -0.5322999115941924)
Triangle: (4.6301, 2.044686), (4.204096, 1.409201), (4.884369, 1.541085) -> Normal: (-0.7953099639247144, -0.6014342166065888)
Triangle: (3.808794, 1.33817), (4.204096, 1.409201), (4.078636, 2.251945) -> Normal: (-0.7661845383387359, -0.6372272463460532)
Triangle: (4.204096, 1.409201), (4.6301, 2.044686), (4.078636, 2.251945) -> Normal: (-0.7996261221080982, -0.5957078513238941)
Triangle: (9.618461, 6.151417), (8.49718, 7.212187), (8.053178, 6.711402) -> Normal: (-0.7430378642049698, -0.6685386192869047)
Triangle: (9.618461, 6.151417), (9.791283, 6.778667), (8.49718, 7.212187) -> Normal: (-0.7405713537312842, -0.6713338123077083)
Triangle: (9.618461, 6.151417), (7.886064, 6.359793), (9.360976, 5.455807) -> Normal: (-0.7419940550795368, -0.6696802242859794)
Triangle: (7.886064, 6.359793), (9.618461, 6.151417), (8.053178, 6.711402) -> Normal: (-0.755855064336112, -0.6539594765255691)
Triangle: (9.836938, 2.942299), (9.618461, 6.151417), (9.360976, 5.455807) -> Normal: (-0.8404885284590589, -0.5410974371132312)
Triangle: (9.791283, 6.778667), (9.618461, 6.151417), (9.836938, 2.942299) -> Normal: (-0.8805150640392736, -0.4734073531255077)
Triangle: (3.355591, 1.313981), (2.677065, 1.886314), (2.430039, 1.077312) -> Normal: (-0.7842277146782985, -0.6101260948578496)
Triangle: (2.677065, 1.886314), (3.355591, 1.313981), (3.039745, 2.211493) -> Normal: (-0.7650982158284736, -0.63680512907317)
Triangle: (2.677065, 1.886314), (1.457157, 1.670074), (2.430039, 1.077312) -> Normal: (-0.7117732109569797, -0.6919490740676371)
Triangle: (2.677065, 1.886314), (1.534832, 1.93382), (1.457157, 1.670074) -> Normal: (-0.7827115922504579, -0.6088889576459933)
Triangle: (2.677065, 1.886314), (3.039745, 2.211493), (1.584967, 3.777341) -> Normal: (-0.6687365975018089, -0.7374084214382325)
Triangle: (1.534832, 1.93382), (2.677065, 1.886314), (1.584967, 3.777341) -> Normal: (-0.6442350708321489, -0.7576845874094129)
Triangle: (1.457157, 1.670074), (1.899378, 0.9341), (2.430039, 1.077312) -> Normal: (-0.7411718795294022, -0.6561046609699793)
Triangle: (1.598117, 1.064985), (1.899378, 0.9341), (1.457157, 1.670074) -> Normal: (-0.7298049066496691, -0.6661989070738276)
Triangle: (1.899378, 0.9341), (1.859855, 0.567303), (2.430039, 1.077312) -> Normal: (-0.8529557640940826, -0.4991067041159258)
Triangle: (1.859855, 0.567303), (1.513863, 0.843987), (1.057869, 0.128336) -> Normal: (-0.8153996583931497, -0.5231470447565802)
Triangle: (1.513863, 0.843987), (0.318775, 0.628921), (1.057869, 0.128336) -> Normal: (-0.6735341903877698, -0.6896481048363975)
Triangle: (1.899378, 0.9341), (1.513863, 0.843987), (1.859855, 0.567303) -> Normal: (-0.7731460114997649, -0.608474946930797)
Triangle: (1.513863, 0.843987), (1.899378, 0.9341), (1.598117, 1.064985) -> Normal: (-0.7768742042249264, -0.6035581208424278)
Triangle: (1.513863, 0.843987), (1.457157, 1.670074), (0.318775, 0.628921) -> Normal: (-0.4994758612033409, -0.8387430047065375)
Triangle: (1.513863, 0.843987), (1.598117, 1.064985), (1.457157, 1.670074) -> Normal: (-0.5840351859222356, -0.7863985536890666)
